<<<<<<< HEAD
-4.165800932776581391e-05
3.188837285575824845e-05
4.785275952009781115e-05
-1.668184353610602461e-04
-3.853469667546839629e-04
-2.480119617060780757e-04
1.096122489312401571e-04
1.238527364097587809e-04
-3.593253808271908200e-04
-7.260267689143546635e-04
-4.203166836380898825e-04
1.698875865242711219e-04
1.772746184673204583e-04
-4.774534850125636103e-04
-8.971748054022014602e-04
-4.824892911211093780e-04
1.804254695232166198e-04
1.728949386161122580e-04
-4.225703823948975812e-04
-7.072984691630074651e-04
-3.288566545665492212e-04
1.009845545903317280e-04
7.178717448569364365e-05
-9.967610787789095905e-05
9.126621770725380687e-18
1.103734630022664993e-04
-8.801020025142737124e-05
-1.370347667065341607e-04
4.937257641234380065e-04
1.174175871776502941e-03
7.751039077836611437e-04
-3.500905194088179350e-04
-4.028685233808103360e-04
1.186505567112421935e-03
2.426270600344948136e-03
1.417575999418412740e-03
-5.767574475881831041e-04
-6.043928005682351135e-04
1.631260380431583633e-03
3.065935937386587724e-03
1.646392901105140152e-03
-6.138413335078807698e-04
-5.857155843982246894e-04
1.423831676795835922e-03
2.368074791362562680e-03
1.093134468589546235e-03
-3.330386826616379579e-04
-2.347522108107885489e-04
3.230531235855992858e-04
3.112596543781219947e-17
-3.510273275119842875e-04
2.771743433973034715e-04
4.273001708523459750e-04
-1.524175441788128658e-03
-3.588531875859496748e-03
-2.345233145999759544e-03
1.048756754438346078e-03
1.194999615346225338e-03
-3.485297265546194023e-03
-7.058993516760589566e-03
-4.085659064546921793e-03
1.647060359159032913e-03
1.710538796414595025e-03
-4.576554740952564100e-03
-8.528866992849229445e-03
-4.542468482205266195e-03
1.680225519278421079e-03
1.591032968949301039e-03
-3.839411704976855577e-03
-6.340919337346340515e-03
-2.907519187268966729e-03
8.802000831248271533e-04
6.167139112076894508e-04
-8.438961322107357528e-04
3.807461270963159194e-17
9.076440992282036558e-04
-7.134358780997655369e-04
-1.095300575936674660e-03
3.892328908727015965e-03
9.133704386275105086e-03
5.951941348143061777e-03
-2.655112262166898704e-03
-3.019333236167223711e-03
8.792759235594365883e-03
1.779037245024857675e-02
1.029164482326971365e-02
-4.149021009629378157e-03
-4.311476678539915945e-03
1.154898682176356932e-02
2.156138178154585680e-02
1.151169482265879118e-02
-4.271444817556683052e-03
-4.060331740671741310e-03
9.843664785040479037e-03
1.634596359525071138e-02
7.542715193539979365e-03
-2.300070978338599349e-03
-1.624938126622553405e-03
2.244442376328059131e-03
-5.116861330270045740e-17
-2.468591724762065048e-03
1.966218834138902527e-03
3.063511082481130531e-03
-1.106720934312852879e-02
-2.645020936498270608e-02
-1.759123470953251681e-02
8.027580548397916793e-03
9.362927486592507662e-03
-2.804851173296903089e-02
-5.857605581648401422e-02
-3.511214228309303409e-02
1.473378976498397955e-02
1.602100445725629374e-02
-4.518898388858907933e-02
-8.951157733372168412e-02
-5.117820440167944462e-02
2.057316276089004095e-02
2.150433025684955063e-02
-5.846637626504723462e-02
-1.118774448884148481e-01
-6.190173418296109759e-02
2.411487768090116168e-02
2.445458682687996071e-02
-6.456038230092515928e-02
8.802557510247996930e-01
-6.456038230092515928e-02
2.445458682687996418e-02
2.411487768090116168e-02
-6.190173418296109759e-02
-1.118774448884148481e-01
-5.846637626504723462e-02
2.150433025684955063e-02
2.057316276089004095e-02
-5.117820440167944462e-02
-8.951157733372168412e-02
-4.518898388858907933e-02
1.602100445725629374e-02
1.473378976498397955e-02
-3.511214228309303409e-02
-5.857605581648401422e-02
-2.804851173296903089e-02
9.362927486592507662e-03
8.027580548397916793e-03
-1.759123470953251681e-02
-2.645020936498270608e-02
-1.106720934312852879e-02
3.063511082481130531e-03
1.966218834138902527e-03
-2.468591724762065048e-03
-5.116861330270045740e-17
2.244442376328059131e-03
-1.624938126622553405e-03
-2.300070978338599349e-03
7.542715193539980233e-03
1.634596359525071138e-02
9.843664785040479037e-03
-4.060331740671741310e-03
-4.271444817556683919e-03
1.151169482265879465e-02
2.156138178154586374e-02
1.154898682176356585e-02
-4.311476678539915945e-03
-4.149021009629378157e-03
1.029164482326971365e-02
1.779037245024857675e-02
8.792759235594367617e-03
-3.019333236167224144e-03
-2.655112262166898704e-03
5.951941348143060043e-03
9.133704386275105086e-03
3.892328908727015965e-03
-1.095300575936674660e-03
-7.134358780997657537e-04
9.076440992282039811e-04
3.807461270963160427e-17
-8.438961322107354276e-04
6.167139112076894508e-04
8.802000831248270448e-04
-2.907519187268966729e-03
-6.340919337346340515e-03
-3.839411704976855577e-03
1.591032968949301256e-03
1.680225519278421729e-03
-4.542468482205264460e-03
-8.528866992849227710e-03
-4.576554740952564100e-03
1.710538796414595025e-03
1.647060359159033347e-03
-4.085659064546921793e-03
-7.058993516760592168e-03
-3.485297265546195757e-03
1.194999615346225121e-03
1.048756754438345861e-03
-2.345233145999759544e-03
-3.588531875859496748e-03
-1.524175441788129092e-03
4.273001708523460835e-04
2.771743433973035799e-04
-3.510273275119841249e-04
3.112596543781218715e-17
3.230531235855991774e-04
-2.347522108107885489e-04
-3.330386826616379579e-04
1.093134468589546235e-03
2.368074791362562680e-03
1.423831676795837007e-03
-5.857155843982243641e-04
-6.138413335078807698e-04
1.646392901105140152e-03
3.065935937386587724e-03
1.631260380431583633e-03
-6.043928005682351135e-04
-5.767574475881834294e-04
1.417575999418413391e-03
2.426270600344946834e-03
1.186505567112421935e-03
-4.028685233808103360e-04
-3.500905194088179350e-04
7.751039077836611437e-04
1.174175871776502941e-03
4.937257641234384401e-04
-1.370347667065342420e-04
-8.801020025142728992e-05
1.103734630022664993e-04
9.126621770725380687e-18
-9.967610787789095905e-05
7.178717448569364365e-05
1.009845545903317280e-04
-3.288566545665493838e-04
-7.072984691630069230e-04
-4.225703823948974186e-04
1.728949386161122580e-04
1.804254695232166198e-04
-4.824892911211093780e-04
-8.971748054022014602e-04
-4.774534850125638271e-04
1.772746184673205396e-04
1.698875865242710406e-04
-4.203166836380896657e-04
-7.260267689143546635e-04
-3.593253808271908200e-04
1.238527364097587809e-04
1.096122489312401571e-04
-2.480119617060782384e-04
-3.853469667546842339e-04
-1.668184353610601377e-04
4.785275952009781115e-05
3.188837285575824845e-05
-4.165800932776581391e-05
=======
3.516375044841207323e-05
1.833815200987639542e-04
2.691808249545772462e-04
1.169399166120513696e-04
-4.904863244842656486e-05
1.287021348535359057e-04
5.129191767591582268e-04
5.388483749573139787e-04
5.184470100521351954e-05
-3.343491583657088998e-04
-6.317590389720722263e-05
4.791498801613167167e-04
4.279631168080452329e-04
-2.928702176399498240e-04
-7.827130746309632868e-04
-4.380951850129096142e-04
1.594601207711745226e-04
9.597784359248607417e-05
-5.420061832808570042e-04
-8.527576013319200163e-04
-4.816786998862392197e-04
-3.945166705834792908e-05
-3.705755838915896823e-05
-1.602603831869111976e-04
9.377221644188205001e-18
1.774597127736893102e-04
4.543211455279279001e-05
5.353541453404579009e-05
7.231636667859806791e-04
1.415650455376833749e-03
9.941802080944311167e-04
-1.943430697507871291e-04
-3.560554037241552136e-04
1.077334534690205844e-03
2.116726539853465514e-03
8.695418601037471643e-04
-1.392364665884633125e-03
-1.704625652100123876e-03
2.451873861714000424e-04
1.411921907233855541e-03
-2.375472266902429195e-04
-2.670650763403589149e-03
-2.740795470340013761e-03
-7.388763639265569314e-04
3.014188252994757524e-04
-7.662885299574217568e-04
-1.873405593317660489e-03
-1.349997300262486231e-03
-2.726908847221146538e-04
3.294679143827029192e-17
2.963040611972184634e-04
1.593955660719730645e-03
2.403644296520933595e-03
1.068448751956350539e-03
-4.567638938248605928e-04
1.217024011838275296e-03
4.907548712412129581e-03
5.199106773656991982e-03
5.028706690035487275e-04
-3.250800992871230415e-03
-6.140969760810097025e-04
4.645358674259517616e-03
4.129454746899480048e-03
-2.807261073795838495e-03
-7.440752534394780293e-03
-4.124513448791792582e-03
1.484984159581031072e-03
8.832179511244330622e-04
-4.924587644937330339e-03
-7.644958104820205776e-03
-4.258664200862545893e-03
-3.438680376921051285e-04
-3.183564743662447433e-04
-1.356825827145314353e-03
3.912006998471941408e-17
1.459320535647723720e-03
3.682857265104577389e-04
4.279014134983177343e-04
5.701122061088861707e-03
1.101209204217824290e-02
7.634205206089989502e-03
-1.473912142590567791e-03
-2.668488233728521456e-03
7.983732602937294170e-03
1.552067337994585822e-02
6.312900321975409637e-03
-1.001625601191359106e-02
-1.216006169789023844e-02
1.735876090490890951e-03
9.929427068703609860e-03
-1.660946896570742294e-03
-1.858385341641019192e-02
-1.899990223812300996e-02
-5.108224070734615832e-03
2.080585107885500259e-03
-5.287452096358192036e-03
-1.293833437428419143e-02
-9.344585409686028896e-03
-1.894545920235773733e-03
-4.689307794144540692e-17
2.083751594695549755e-03
1.130719965807715222e-02
1.723282938559522401e-02
7.758126581827844322e-03
-3.366697312431780626e-03
9.128710753513428686e-03
3.756423252327302509e-02
4.073546057393393621e-02
4.046935680105518546e-03
-2.697538961533041402e-02
-5.277547651217105902e-03
4.155508795344386302e-02
3.867670996108667908e-02
-2.771894637240131590e-02
-7.809167342649134258e-02
-4.646926955391117442e-02
1.818257160236695646e-02
1.193753421860269809e-02
-7.499138313973684189e-02
-1.348855479060869778e-01
-9.066791390082080959e-02
-9.420966694162398805e-03
-1.262380481906676989e-02
-1.038009190619142985e-01
8.399955369198094379e-01
-1.038009190619142985e-01
-1.262380481906676989e-02
-9.420966694162398805e-03
-9.066791390082080959e-02
-1.348855479060869778e-01
-7.499138313973684189e-02
1.193753421860269809e-02
1.818257160236695646e-02
-4.646926955391117442e-02
-7.809167342649134258e-02
-2.771894637240131590e-02
3.867670996108667908e-02
4.155508795344386302e-02
-5.277547651217105902e-03
-2.697538961533041402e-02
4.046935680105518546e-03
4.073546057393393621e-02
3.756423252327302509e-02
9.128710753513428686e-03
-3.366697312431780626e-03
7.758126581827844322e-03
1.723282938559522401e-02
1.130719965807715222e-02
2.083751594695549755e-03
-4.689307794144540692e-17
-1.894545920235773733e-03
-9.344585409686028896e-03
-1.293833437428419143e-02
-5.287452096358192903e-03
2.080585107885500259e-03
-5.108224070734615832e-03
-1.899990223812300996e-02
-1.858385341641019539e-02
-1.660946896570742511e-03
9.929427068703611595e-03
1.735876090490890518e-03
-1.216006169789023844e-02
-1.001625601191359106e-02
6.312900321975409637e-03
1.552067337994585822e-02
7.983732602937295905e-03
-2.668488233728522323e-03
-1.473912142590567357e-03
7.634205206089987768e-03
1.101209204217824290e-02
5.701122061088861707e-03
4.279014134983177343e-04
3.682857265104577931e-04
1.459320535647723937e-03
3.912006998471942641e-17
-1.356825827145313919e-03
-3.183564743662446891e-04
-3.438680376921050743e-04
-4.258664200862545893e-03
-7.644958104820205776e-03
-4.924587644937331206e-03
8.832179511244332790e-04
1.484984159581031506e-03
-4.124513448791790847e-03
-7.440752534394778558e-03
-2.807261073795838495e-03
4.129454746899480048e-03
4.645358674259518483e-03
-6.140969760810097025e-04
-3.250800992871231716e-03
5.028706690035489443e-04
5.199106773656990248e-03
4.907548712412128714e-03
1.217024011838275296e-03
-4.567638938248605928e-04
1.068448751956350756e-03
2.403644296520934028e-03
1.593955660719731512e-03
2.963040611972183550e-04
3.294679143827027959e-17
-2.726908847221145454e-04
-1.349997300262486231e-03
-1.873405593317660489e-03
-7.662885299574217568e-04
3.014188252994757524e-04
-7.388763639265574735e-04
-2.740795470340012894e-03
-2.670650763403589149e-03
-2.375472266902429195e-04
1.411921907233855541e-03
2.451873861714000424e-04
-1.704625652100123876e-03
-1.392364665884633559e-03
8.695418601037477064e-04
2.116726539853463780e-03
1.077334534690205844e-03
-3.560554037241552136e-04
-1.943430697507871291e-04
9.941802080944311167e-04
1.415650455376833749e-03
7.231636667859811128e-04
5.353541453404583753e-05
4.543211455279276290e-05
1.774597127736893102e-04
9.377221644188205001e-18
-1.602603831869111976e-04
-3.705755838915896823e-05
-3.945166705834792908e-05
-4.816786998862395992e-04
-8.527576013319193658e-04
-5.420061832808567874e-04
9.597784359248607417e-05
1.594601207711745226e-04
-4.380951850129096142e-04
-7.827130746309632868e-04
-2.928702176399499324e-04
4.279631168080455040e-04
4.791498801613164457e-04
-6.317590389720718197e-05
-3.343491583657088998e-04
5.184470100521351954e-05
5.388483749573139787e-04
5.129191767591582268e-04
1.287021348535359871e-04
-4.904863244842659197e-05
1.169399166120512883e-04
2.691808249545772462e-04
1.833815200987639542e-04
3.516375044841207323e-05
>>>>>>> dev
